%YAML:1.0
---
K: !!opencv-matrix
   rows: 3
   cols: 3
   dt: d
   data: [ 1.0432810171008427e+03, 0., 9.4751291967877194e+02, 0.,
       1.0447997556870066e+03, 5.6461655837814976e+02, 0., 0., 1. ]
D: !!opencv-matrix
   rows: 1
   cols: 5
   dt: d
   data: [ 2.7735149760454766e-02, -9.6473262026990886e-02,
       5.9983783007006714e-03, -4.9974166335878777e-03,
       1.0593059431065172e-01 ]
